a0 = 0.062845
a1 = 0.006352, b1 = -0.000000
a2 = 0.000075, b2 = -0.000000
a3 = 0.000075, b3 = -0.000000
a4 = 0.000075, b4 = -0.000000
a5 = 0.000075, b5 = -0.000000
a6 = 0.000075, b6 = -0.000000
a7 = 0.000075, b7 = -0.000000
a8 = 0.000075, b8 = -0.000000
a9 = 0.000075, b9 = -0.000000
a10 = 0.000075, b10 = -0.000000
